1000
3 23 194 94 LIGHT_BLUE
1 18 200 59 89 ORANGE
1 58 83 153 14 VIOLET
1 67 156 100 26 VIOLET
3 131 123 179 LIGHT_BLUE
1 48 152 127 124 VIOLET
2 189 132 110 139 137 98 RED
3 189 9 73 YELLOW
2 153 137 118 126 2 184 LIGHT_BLUE
3 101 163 27 RED
1 29 90 39 53 VIOLET
2 157 46 165 42 160 95 RED
3 195 27 123 YELLOW
3 76 185 26 RED
3 51 99 51 RED
2 149 188 88 130 184 189 BLUE
3 145 103 151 ORANGE
1 38 149 41 122 VIOLET
3 172 140 157 YELLOW
2 44 125 63 3 179 165 GREEN
3 67 114 41 LIGHT_BLUE
2 94 77 50 12 100 156 LIGHT_BLUE
3 196 148 74 ORANGE
1 91 127 113 92 GREEN
1 160 35 195 15 YELLOW
3 22 131 91 VIOLET
1 98 125 160 28 ORANGE
1 89 163 126 148 RED
1 93 117 111 104 ORANGE
3 115 24 90 VIOLET
2 53 114 180 56 137 169 RED
2 132 61 53 167 101 52 ORANGE
2 30 160 180 24 176 38 VIOLET
2 192 167 36 125 194 8 ORANGE
3 187 36 43 RED
1 81 81 165 28 ORANGE
2 131 200 119 197 171 170 LIGHT_BLUE
3 52 109 75 VIOLET
2 121 2 190 168 164 153 RED
1 90 76 198 14 YELLOW
2 94 165 58 189 132 50 YELLOW
2 46 102 105 108 159 67 GREEN
1 103 155 111 8 YELLOW
3 115 144 1 YELLOW
2 28 183 17 192 99 147 ORANGE
1 120 132 184 18 YELLOW
1 95 140 106 11 YELLOW
1 38 135 199 60 RED
3 19 126 3 YELLOW
3 43 72 38 ORANGE
2 48 188 14 156 24 30 BLUE
1 45 155 89 59 LIGHT_BLUE
2 165 99 62 73 1 15 VIOLET
1 60 188 79 53 VIOLET
1 186 120 191 58 YELLOW
1 25 197 145 9 RED
2 35 171 180 62 16 145 LIGHT_BLUE
1 149 153 184 149 LIGHT_BLUE
1 68 177 163 152 BLUE
1 121 187 141 142 VIOLET
3 23 24 152 ORANGE
2 190 25 104 42 169 41 GREEN
3 44 28 60 BLUE
1 4 75 7 31 GREEN
2 89 109 183 28 15 46 LIGHT_BLUE
3 148 116 91 LIGHT_BLUE
2 84 27 162 107 140 163 RED
2 154 185 173 176 100 106 LIGHT_BLUE
1 42 125 177 17 VIOLET
3 175 109 185 RED
1 1 153 127 62 YELLOW
2 70 174 41 23 197 24 BLUE
1 79 136 182 100 YELLOW
2 74 113 197 93 108 40 BLUE
3 88 67 94 GREEN
3 40 36 142 YELLOW
3 156 90 121 ORANGE
1 49 200 86 23 VIOLET
2 68 108 103 90 6 147 BLUE
3 54 70 30 VIOLET
1 55 169 56 109 BLUE
1 150 159 159 59 GREEN
1 46 118 116 53 BLUE
1 147 175 160 67 VIOLET
2 31 77 126 193 130 47 GREEN
1 11 134 76 27 LIGHT_BLUE
1 74 196 149 154 YELLOW
1 79 57 157 16 YELLOW
1 145 180 155 120 GREEN
1 80 191 152 126 ORANGE
1 69 144 165 68 VIOLET
1 29 138 170 105 GREEN
3 54 69 75 YELLOW
3 155 105 77 LIGHT_BLUE
3 142 110 131 YELLOW
1 96 173 196 17 RED
3 131 47 82 BLUE
2 83 187 37 65 28 59 GREEN
3 168 99 114 RED
3 138 87 122 BLUE
2 39 186 117 89 92 109 RED
1 38 131 80 65 GREEN
1 175 100 188 82 BLUE
1 113 151 158 61 RED
3 98 168 33 YELLOW
3 49 153 65 BLUE
1 66 31 174 13 RED
1 148 24 177 22 VIOLET
3 180 33 101 ORANGE
1 21 107 197 53 RED
1 121 106 199 69 GREEN
2 169 172 54 93 26 35 YELLOW
2 56 46 98 153 197 7 LIGHT_BLUE
1 83 169 93 131 VIOLET
3 129 72 109 GREEN
3 29 84 34 ORANGE
1 15 178 30 75 LIGHT_BLUE
3 104 143 19 RED
3 86 59 63 RED
2 99 46 81 179 13 124 GREEN
2 21 161 95 21 181 129 BLUE
1 148 190 199 46 YELLOW
2 43 179 57 19 78 98 GREEN
2 11 30 93 80 79 189 GREEN
2 109 172 112 113 10 134 ORANGE
2 116 57 4 2 101 131 GREEN
3 187 137 174 GREEN
1 107 186 167 18 GREEN
1 122 196 166 118 VIOLET
2 91 41 12 70 69 169 VIOLET
2 97 155 108 75 83 68 VIOLET
3 25 6 16 ORANGE
3 96 110 129 LIGHT_BLUE
3 95 27 101 GREEN
1 115 72 135 56 RED
3 118 157 198 LIGHT_BLUE
1 16 55 33 24 BLUE
1 93 171 169 145 GREEN
3 49 74 184 BLUE
3 152 28 90 YELLOW
2 29 40 37 6 155 83 ORANGE
2 66 121 108 83 89 101 ORANGE
3 69 63 71 YELLOW
3 71 16 97 VIOLET
1 34 186 139 11 LIGHT_BLUE
3 191 184 8 GREEN
2 129 186 37 188 160 160 LIGHT_BLUE
3 86 72 139 RED
2 158 25 55 143 125 117 RED
3 8 28 187 LIGHT_BLUE
1 129 81 161 38 RED
3 74 65 146 VIOLET
1 102 116 129 45 YELLOW
3 172 5 185 BLUE
3 106 39 93 LIGHT_BLUE
3 199 146 101 RED
1 1 178 45 158 YELLOW
1 30 155 200 7 BLUE
3 92 52 47 LIGHT_BLUE
1 114 140 116 56 GREEN
2 50 61 194 155 148 154 BLUE
3 56 93 124 ORANGE
2 34 188 87 46 92 153 BLUE
2 4 6 108 22 94 161 RED
1 66 113 150 39 VIOLET
3 116 46 81 VIOLET
3 99 36 58 ORANGE
3 59 50 122 ORANGE
3 79 92 56 ORANGE
3 24 79 51 GREEN
3 117 29 99 YELLOW
1 47 154 160 118 RED
2 175 89 142 120 53 163 VIOLET
1 38 164 184 5 LIGHT_BLUE
1 78 83 188 76 RED
3 193 168 133 RED
3 137 56 181 YELLOW
3 117 8 23 ORANGE
2 108 15 147 184 46 29 GREEN
2 145 84 47 81 17 93 RED
1 85 153 102 4 YELLOW
2 11 93 143 11 92 51 BLUE
1 17 164 175 14 RED
3 42 118 87 VIOLET
3 56 22 44 ORANGE
3 65 184 57 GREEN
1 19 150 58 113 GREEN
2 124 93 152 168 62 188 YELLOW
3 128 108 175 GREEN
1 20 112 193 84 BLUE
1 112 174 142 118 GREEN
1 16 126 152 75 ORANGE
1 99 119 170 19 VIOLET
1 54 152 88 69 LIGHT_BLUE
1 2 141 72 52 BLUE
3 71 21 196 RED
2 35 102 199 72 29 184 GREEN
1 51 155 72 103 GREEN
3 125 38 113 YELLOW
1 7 197 105 105 BLUE
3 105 198 200 GREEN
3 54 145 21 GREEN
2 133 31 160 188 144 181 GREEN
2 154 64 103 191 2 26 GREEN
2 82 66 193 190 53 110 ORANGE
3 38 167 195 ORANGE
2 125 84 20 163 71 102 ORANGE
2 132 187 61 63 49 112 YELLOW
2 108 53 77 81 121 187 BLUE
1 132 137 177 46 YELLOW
1 100 51 185 28 GREEN
3 104 145 11 YELLOW
1 113 115 192 71 VIOLET
2 41 178 71 122 127 154 ORANGE
2 9 193 97 179 194 149 VIOLET
2 191 10 21 37 65 173 LIGHT_BLUE
2 58 173 98 120 127 10 BLUE
3 32 31 90 RED
1 90 145 136 139 LIGHT_BLUE
1 19 89 186 76 GREEN
1 58 64 172 36 GREEN
2 23 193 131 117 151 191 BLUE
3 73 31 55 YELLOW
2 160 174 182 104 98 141 LIGHT_BLUE
2 70 117 170 179 16 187 BLUE
1 48 199 197 78 GREEN
2 103 200 114 87 25 128 YELLOW
2 52 67 162 78 173 152 LIGHT_BLUE
3 165 166 42 VIOLET
3 26 133 17 BLUE
2 14 168 150 193 162 64 BLUE
3 64 120 49 YELLOW
2 52 119 69 98 96 47 LIGHT_BLUE
1 63 99 134 25 VIOLET
2 140 138 71 136 121 148 BLUE
3 124 7 61 RED
2 92 90 85 174 131 56 LIGHT_BLUE
2 200 42 75 89 125 10 RED
2 135 157 137 58 5 94 YELLOW
3 162 59 32 ORANGE
2 27 64 33 164 162 51 RED
2 62 88 55 132 18 59 YELLOW
3 151 42 76 GREEN
3 184 96 43 VIOLET
3 4 134 83 BLUE
1 62 165 108 125 ORANGE
3 113 41 29 RED
2 116 44 99 191 69 171 YELLOW
3 58 34 2 VIOLET
1 39 166 107 100 ORANGE
2 176 41 85 126 50 78 VIOLET
1 87 196 199 70 RED
1 54 191 152 13 LIGHT_BLUE
2 22 21 147 25 123 100 ORANGE
2 110 148 112 111 199 147 GREEN
2 133 170 193 183 101 13 ORANGE
2 126 116 36 200 113 104 YELLOW
2 2 26 125 24 194 135 LIGHT_BLUE
1 33 179 97 165 VIOLET
2 135 69 176 137 196 122 ORANGE
3 189 56 104 LIGHT_BLUE
2 105 82 116 139 22 156 LIGHT_BLUE
3 2 105 103 BLUE
1 72 119 188 67 RED
3 188 112 55 YELLOW
2 111 15 167 82 196 169 VIOLET
2 124 78 66 170 196 50 BLUE
1 1 160 27 144 RED
2 14 68 117 56 154 18 GREEN
2 137 84 184 199 151 184 GREEN
2 108 103 127 4 112 34 RED
2 140 51 57 152 169 19 YELLOW
3 135 54 32 ORANGE
2 105 89 174 76 159 194 LIGHT_BLUE
3 197 37 119 BLUE
3 173 127 133 RED
2 24 74 133 36 38 56 VIOLET
3 190 28 183 BLUE
1 88 161 104 128 LIGHT_BLUE
1 29 160 169 28 BLUE
3 11 40 141 ORANGE
2 53 158 129 46 74 15 BLUE
1 74 155 189 154 GREEN
1 101 153 185 127 GREEN
1 46 120 54 42 RED
3 162 102 90 VIOLET
1 124 193 148 89 ORANGE
1 64 117 168 40 BLUE
2 192 93 194 87 147 4 GREEN
1 49 172 197 43 GREEN
1 88 144 153 34 GREEN
2 37 38 188 185 34 5 GREEN
1 60 177 83 4 GREEN
2 24 131 35 46 100 19 BLUE
1 120 175 172 164 VIOLET
1 104 200 186 88 YELLOW
2 69 197 1 157 114 98 YELLOW
1 34 178 85 153 RED
1 119 162 192 96 LIGHT_BLUE
3 199 12 178 ORANGE
2 123 10 81 177 192 22 ORANGE
1 48 195 197 37 BLUE
1 158 131 170 101 VIOLET
3 74 181 44 YELLOW
3 38 157 52 VIOLET
2 67 193 132 120 19 8 BLUE
1 98 33 138 7 YELLOW
2 107 132 38 170 174 17 GREEN
3 7 9 150 VIOLET
1 57 183 78 95 ORANGE
1 29 144 108 86 GREEN
1 67 165 200 68 YELLOW
1 63 58 123 21 GREEN
1 137 183 159 155 LIGHT_BLUE
3 23 10 15 RED
3 81 142 109 ORANGE
3 81 70 97 RED
1 42 185 190 28 ORANGE
3 170 96 172 RED
1 3 142 192 98 YELLOW
1 110 166 137 90 YELLOW
3 42 113 127 LIGHT_BLUE
3 54 158 34 ORANGE
1 83 112 111 107 GREEN
3 170 194 63 RED
3 167 168 196 LIGHT_BLUE
3 132 197 119 GREEN
3 112 130 12 RED
2 17 13 159 9 194 76 LIGHT_BLUE
3 134 139 163 VIOLET
3 178 30 71 BLUE
2 66 149 127 124 26 96 BLUE
3 159 95 20 RED
3 37 165 48 ORANGE
2 123 56 76 14 197 160 VIOLET
2 89 184 92 88 121 186 BLUE
2 87 52 185 193 160 118 ORANGE
3 77 153 153 VIOLET
2 153 28 166 115 75 83 BLUE
2 193 84 43 163 114 97 LIGHT_BLUE
3 158 188 187 GREEN
1 37 156 145 155 BLUE
3 69 101 128 GREEN
2 123 85 7 55 80 3 GREEN
3 142 123 106 GREEN
3 193 160 152 ORANGE
3 144 46 193 LIGHT_BLUE
3 99 107 39 VIOLET
3 119 12 4 VIOLET
1 93 96 122 85 LIGHT_BLUE
1 127 143 189 124 RED
1 154 177 177 37 GREEN
2 25 155 114 98 138 30 VIOLET
3 114 108 144 LIGHT_BLUE
2 87 21 116 96 28 10 BLUE
1 88 187 189 183 YELLOW
1 103 160 199 111 LIGHT_BLUE
1 51 182 151 1 YELLOW
1 178 199 199 103 LIGHT_BLUE
1 13 151 174 124 YELLOW
3 123 39 18 VIOLET
3 167 84 146 BLUE
2 77 75 53 155 160 13 BLUE
3 9 52 193 RED
2 16 142 194 145 138 13 LIGHT_BLUE
3 135 168 181 GREEN
2 99 22 74 34 104 180 VIOLET
1 43 146 166 35 BLUE
1 2 160 153 95 RED
2 24 192 12 192 107 96 GREEN
2 169 3 5 185 64 90 RED
2 175 17 104 21 85 31 GREEN
1 99 183 132 74 GREEN
2 17 118 134 24 137 57 LIGHT_BLUE
2 59 6 107 97 81 55 BLUE
3 71 82 11 GREEN
3 63 77 144 LIGHT_BLUE
2 75 169 9 49 200 169 LIGHT_BLUE
3 86 78 42 ORANGE
1 52 197 114 9 ORANGE
2 70 151 143 105 74 147 LIGHT_BLUE
2 175 101 106 180 193 1 GREEN
2 50 186 20 58 1 78 LIGHT_BLUE
2 146 95 31 39 179 140 RED
1 3 155 147 4 VIOLET
1 141 185 175 120 BLUE
3 102 170 177 RED
3 74 200 95 RED
3 185 113 133 BLUE
1 9 98 195 17 YELLOW
1 73 108 108 98 GREEN
1 126 128 161 26 YELLOW
3 130 20 80 VIOLET
1 38 136 135 64 RED
2 193 118 62 168 17 111 LIGHT_BLUE
1 144 48 196 31 GREEN
1 52 200 55 9 VIOLET
2 156 166 166 7 125 44 ORANGE
2 131 129 191 171 177 102 LIGHT_BLUE
3 163 92 38 RED
2 110 173 152 3 145 199 LIGHT_BLUE
2 118 35 18 142 71 36 VIOLET
2 156 98 149 77 68 148 VIOLET
1 43 161 178 160 RED
1 26 135 174 45 ORANGE
2 192 68 91 27 94 186 BLUE
2 127 171 86 178 81 87 ORANGE
3 64 129 84 LIGHT_BLUE
2 30 17 100 77 178 103 BLUE
1 21 174 40 106 ORANGE
1 36 112 158 8 VIOLET
2 91 73 184 35 152 81 BLUE
2 183 107 143 9 183 198 GREEN
3 80 163 167 GREEN
1 140 74 158 36 BLUE
1 153 45 199 4 ORANGE
2 161 105 26 9 124 22 ORANGE
1 19 180 31 77 BLUE
1 28 184 193 75 VIOLET
1 15 44 156 18 BLUE
2 40 89 171 64 49 175 RED
3 154 120 3 VIOLET
2 73 65 166 101 119 193 RED
2 189 129 8 174 18 173 BLUE
2 21 191 80 128 183 71 BLUE
2 85 5 55 9 8 76 BLUE
1 109 157 121 69 YELLOW
2 102 152 94 139 19 177 ORANGE
2 28 55 143 15 198 84 GREEN
3 191 138 76 GREEN
1 44 121 190 79 VIOLET
3 69 36 27 GREEN
2 170 66 48 48 192 24 ORANGE
3 155 79 38 BLUE
1 4 117 83 30 ORANGE
3 200 189 93 GREEN
2 68 174 39 118 103 93 VIOLET
3 51 95 91 RED
3 37 106 18 BLUE
2 32 114 6 74 115 96 VIOLET
2 95 64 43 182 66 85 LIGHT_BLUE
3 59 171 128 LIGHT_BLUE
1 140 113 176 110 ORANGE
3 141 153 138 VIOLET
3 33 60 199 GREEN
3 17 143 35 LIGHT_BLUE
2 70 198 111 74 167 15 YELLOW
3 154 183 22 GREEN
2 131 23 76 180 70 159 BLUE
3 192 191 155 YELLOW
2 123 176 117 112 30 52 GREEN
3 1 63 45 YELLOW
3 198 62 167 ORANGE
3 49 153 178 YELLOW
3 136 3 40 YELLOW
3 146 101 37 VIOLET
1 33 70 62 48 YELLOW
3 40 7 10 LIGHT_BLUE
1 30 134 119 32 LIGHT_BLUE
1 25 65 104 14 BLUE
2 32 101 119 103 65 79 GREEN
3 136 70 142 GREEN
2 99 105 178 14 147 145 ORANGE
2 78 41 118 142 194 49 RED
2 124 42 90 106 186 38 BLUE
2 159 180 198 139 72 14 GREEN
2 143 156 157 53 46 131 GREEN
1 122 188 181 58 BLUE
2 165 17 26 199 116 187 GREEN
3 120 109 86 GREEN
2 30 116 2 80 166 186 BLUE
1 64 141 156 42 YELLOW
3 40 10 121 RED
2 29 123 183 164 160 162 VIOLET
1 142 181 185 76 VIOLET
2 164 182 51 127 63 40 ORANGE
3 164 85 54 ORANGE
1 42 153 48 92 BLUE
3 171 149 5 VIOLET
2 89 86 75 67 11 178 GREEN
3 9 49 192 GREEN
1 114 164 196 107 VIOLET
3 151 105 2 GREEN
2 158 47 93 167 21 183 RED
1 53 187 141 8 ORANGE
2 68 15 32 148 99 157 GREEN
1 59 168 66 131 ORANGE
2 24 142 42 177 124 7 ORANGE
1 11 161 76 16 ORANGE
1 23 132 74 42 ORANGE
1 57 90 156 66 LIGHT_BLUE
3 131 90 79 VIOLET
2 54 196 146 74 90 48 GREEN
1 11 122 150 26 VIOLET
2 200 41 143 151 103 84 RED
3 126 66 181 LIGHT_BLUE
3 70 104 52 RED
1 78 183 178 40 ORANGE
2 65 16 196 90 75 178 ORANGE
3 13 57 99 VIOLET
1 21 184 70 42 ORANGE
2 24 79 138 154 40 187 RED
3 77 34 128 VIOLET
1 136 88 167 10 ORANGE
1 31 173 48 103 LIGHT_BLUE
2 75 116 109 159 35 195 VIOLET
3 186 169 153 BLUE
1 69 159 121 129 YELLOW
3 39 102 164 YELLOW
2 132 156 38 62 11 11 BLUE
3 79 22 53 ORANGE
2 101 83 47 77 167 141 VIOLET
1 13 178 125 120 GREEN
2 21 11 113 196 102 91 ORANGE
3 153 32 69 VIOLET
2 42 111 170 22 175 22 YELLOW
1 67 132 177 45 RED
1 156 149 171 15 LIGHT_BLUE
1 99 172 160 18 ORANGE
3 41 28 55 VIOLET
3 199 116 172 YELLOW
3 182 196 189 ORANGE
1 83 180 186 151 LIGHT_BLUE
1 54 92 125 6 VIOLET
2 2 153 19 113 64 162 ORANGE
1 23 188 39 152 GREEN
3 76 137 46 LIGHT_BLUE
1 2 188 186 117 ORANGE
3 104 112 71 BLUE
2 7 57 93 91 62 155 GREEN
3 160 197 69 YELLOW
1 91 186 139 161 RED
3 119 127 185 ORANGE
1 38 94 185 6 BLUE
2 191 153 111 11 59 84 YELLOW
1 6 93 138 52 BLUE
3 72 86 1 BLUE
3 163 14 46 VIOLET
1 87 165 147 130 BLUE
2 188 88 33 93 104 61 GREEN
1 98 56 131 15 BLUE
2 53 156 199 39 149 41 YELLOW
1 39 50 60 29 GREEN
1 12 168 50 1 BLUE
1 45 148 106 46 ORANGE
2 38 11 108 142 167 22 LIGHT_BLUE
1 10 59 181 55 BLUE
3 160 37 53 YELLOW
1 90 188 97 52 GREEN
2 30 19 146 2 132 66 ORANGE
3 153 191 156 LIGHT_BLUE
3 132 98 143 YELLOW
3 32 149 112 VIOLET
2 100 196 88 27 42 94 LIGHT_BLUE
1 75 118 131 93 VIOLET
3 101 156 136 ORANGE
3 24 158 194 YELLOW
2 88 36 73 136 83 54 ORANGE
1 7 184 94 94 LIGHT_BLUE
2 69 190 45 97 40 79 RED
2 114 101 149 135 185 78 LIGHT_BLUE
2 197 103 3 151 36 133 ORANGE
2 161 97 85 179 37 76 LIGHT_BLUE
2 121 17 134 165 188 1 RED
1 15 196 87 140 ORANGE
3 195 105 10 VIOLET
2 173 53 89 83 6 163 ORANGE
2 154 105 1 51 114 154 LIGHT_BLUE
2 38 145 42 56 94 132 RED
3 66 71 141 YELLOW
1 65 198 85 106 GREEN
2 113 59 61 126 33 103 GREEN
1 134 115 138 90 BLUE
2 97 66 28 122 174 66 VIOLET
1 31 56 60 25 YELLOW
1 90 197 116 158 RED
3 139 15 102 YELLOW
3 87 154 75 VIOLET
3 172 31 72 ORANGE
3 13 4 22 LIGHT_BLUE
1 59 17 89 8 ORANGE
3 35 195 41 LIGHT_BLUE
3 64 159 172 RED
2 146 76 200 184 102 40 YELLOW
1 67 150 169 4 VIOLET
1 31 120 103 65 VIOLET
2 22 180 25 197 175 155 YELLOW
3 106 194 169 BLUE
1 34 52 157 2 YELLOW
2 15 38 146 74 37 83 BLUE
2 154 65 85 106 24 49 LIGHT_BLUE
2 197 138 145 50 130 124 ORANGE
3 108 91 46 VIOLET
2 56 153 117 153 59 96 VIOLET
1 23 141 63 98 ORANGE
2 158 20 11 55 28 35 LIGHT_BLUE
3 187 41 160 VIOLET
1 74 71 167 25 BLUE
2 81 126 25 198 173 63 YELLOW
3 155 150 131 GREEN
2 93 147 164 198 126 14 GREEN
1 26 171 113 23 ORANGE
2 159 107 84 21 151 146 VIOLET
1 17 120 121 85 BLUE
2 157 156 36 48 153 96 YELLOW
2 13 145 195 89 149 14 LIGHT_BLUE
1 66 179 169 109 RED
3 108 6 132 ORANGE
3 132 56 80 LIGHT_BLUE
1 145 88 146 28 RED
2 159 54 119 113 108 179 ORANGE
1 66 83 188 29 VIOLET
2 121 85 194 159 75 113 BLUE
1 10 131 53 121 LIGHT_BLUE
1 15 105 167 32 RED
3 61 65 84 RED
2 159 23 17 182 169 72 LIGHT_BLUE
1 123 177 133 81 YELLOW
1 68 189 121 38 LIGHT_BLUE
2 195 21 106 97 77 107 YELLOW
1 60 79 101 6 LIGHT_BLUE
2 27 148 54 107 13 19 ORANGE
3 126 29 140 BLUE
1 99 139 149 13 VIOLET
3 47 3 171 ORANGE
1 51 150 157 13 RED
1 11 177 154 61 RED
2 116 177 21 124 107 8 BLUE
2 29 79 114 22 90 191 YELLOW
2 93 93 137 82 198 44 ORANGE
1 185 80 200 66 ORANGE
1 33 185 153 59 BLUE
1 55 70 129 39 YELLOW
3 104 122 188 RED
1 45 186 142 132 LIGHT_BLUE
3 117 7 120 ORANGE
3 51 59 14 YELLOW
1 168 57 184 6 RED
3 61 185 145 VIOLET
2 142 25 108 10 39 174 YELLOW
1 131 107 150 88 VIOLET
1 148 160 149 114 YELLOW
1 14 102 170 59 ORANGE
2 154 4 171 81 109 171 VIOLET
3 173 49 197 YELLOW
3 9 142 83 GREEN
2 149 122 158 197 154 183 RED
3 152 157 20 YELLOW
3 173 15 63 YELLOW
2 185 157 46 94 142 138 RED
1 73 200 171 44 ORANGE
3 169 29 168 BLUE
2 152 109 142 187 17 106 LIGHT_BLUE
1 3 183 175 56 ORANGE
3 170 192 134 LIGHT_BLUE
2 25 24 104 100 181 196 GREEN
1 47 171 56 107 ORANGE
1 6 126 73 38 VIOLET
1 129 193 141 28 GREEN
3 126 47 146 BLUE
1 84 109 191 3 BLUE
3 6 144 66 ORANGE
3 117 61 12 RED
3 1 146 82 VIOLET
3 22 96 54 BLUE
3 131 86 77 GREEN
2 112 114 154 28 166 57 ORANGE
2 74 142 134 147 7 18 LIGHT_BLUE
1 33 182 82 145 ORANGE
2 10 81 15 138 107 132 VIOLET
3 74 113 66 RED
2 188 13 192 174 36 35 GREEN
1 100 132 133 67 LIGHT_BLUE
1 156 131 171 51 RED
3 68 31 52 VIOLET
3 87 20 196 GREEN
1 151 164 152 82 YELLOW
1 43 80 197 40 YELLOW
1 27 106 134 85 ORANGE
1 77 151 150 7 LIGHT_BLUE
2 191 51 100 19 140 107 RED
2 103 129 147 32 197 54 VIOLET
1 1 179 105 32 VIOLET
2 133 123 111 7 14 156 ORANGE
2 6 91 193 62 5 107 RED
2 35 200 173 12 63 32 RED
1 42 95 162 21 LIGHT_BLUE
2 27 192 125 48 116 123 ORANGE
2 173 177 105 147 165 26 ORANGE
1 77 110 133 63 ORANGE
3 64 127 143 VIOLET
2 155 61 123 169 154 192 RED
2 107 20 144 93 113 180 ORANGE
2 104 126 157 33 111 44 RED
3 150 107 63 RED
1 36 195 97 131 ORANGE
1 43 24 165 22 BLUE
1 61 118 73 54 LIGHT_BLUE
3 142 76 119 LIGHT_BLUE
1 81 108 160 60 LIGHT_BLUE
2 19 92 1 16 123 125 ORANGE
3 43 186 102 RED
2 41 136 130 125 143 26 VIOLET
2 131 115 200 80 23 134 RED
3 117 105 110 VIOLET
2 1 128 133 156 103 146 YELLOW
2 72 153 146 40 50 137 ORANGE
2 61 61 72 46 148 15 ORANGE
1 44 72 165 45 RED
2 124 140 157 14 23 46 YELLOW
2 199 28 76 45 151 12 ORANGE
3 24 97 159 GREEN
1 91 158 127 119 ORANGE
3 163 41 35 YELLOW
2 83 62 65 11 130 131 BLUE
3 24 32 119 ORANGE
2 10 124 28 82 123 35 VIOLET
2 114 191 192 128 43 157 ORANGE
3 64 46 149 YELLOW
3 10 91 58 ORANGE
2 33 96 81 104 162 172 BLUE
3 47 109 164 LIGHT_BLUE
2 77 19 24 103 27 183 ORANGE
1 155 84 173 32 ORANGE
1 18 200 194 133 RED
2 162 89 86 96 9 126 VIOLET
2 139 130 110 101 66 110 ORANGE
3 35 112 86 RED
1 77 163 135 3 RED
3 93 43 199 ORANGE
1 113 76 187 37 LIGHT_BLUE
2 156 69 115 155 59 143 YELLOW
2 141 75 119 81 52 6 ORANGE
3 50 50 164 ORANGE
1 24 93 72 69 GREEN
2 144 154 172 79 152 66 GREEN
2 172 147 59 199 150 68 YELLOW
2 148 162 3 52 33 83 RED
2 26 118 100 169 97 32 RED
1 116 132 133 88 GREEN
1 72 174 150 41 ORANGE
1 51 133 55 46 LIGHT_BLUE
3 147 104 196 GREEN
3 121 97 121 RED
1 88 131 90 78 GREEN
2 155 39 82 79 113 42 VIOLET
1 23 185 56 85 RED
3 189 7 187 BLUE
1 68 168 167 104 VIOLET
1 42 155 184 6 VIOLET
1 3 24 159 23 RED
2 126 122 1 84 55 57 VIOLET
2 120 187 87 54 116 52 VIOLET
2 168 162 83 19 171 125 VIOLET
2 165 140 170 192 128 4 BLUE
2 156 40 88 145 191 52 RED
2 90 143 20 23 2 189 YELLOW
3 23 64 151 VIOLET
1 185 182 196 140 ORANGE
1 96 144 165 87 LIGHT_BLUE
3 191 124 37 GREEN
3 180 32 17 GREEN
3 40 89 76 GREEN
3 145 90 84 GREEN
1 9 50 148 38 YELLOW
2 54 93 152 192 157 32 VIOLET
2 128 14 166 191 103 134 BLUE
1 42 72 54 66 YELLOW
3 151 81 162 RED
3 163 101 107 VIOLET
2 10 1 104 87 199 123 BLUE
3 40 73 180 YELLOW
3 165 90 199 YELLOW
2 65 167 139 19 83 44 YELLOW
1 36 56 65 34 GREEN
3 108 188 109 RED
1 40 18 128 4 GREEN
3 173 130 32 RED
2 199 180 81 79 7 165 VIOLET
1 45 32 130 27 GREEN
3 90 61 90 LIGHT_BLUE
2 31 2 148 145 102 178 GREEN
3 149 17 106 RED
3 67 98 173 YELLOW
1 53 162 103 63 YELLOW
3 32 170 64 BLUE
1 113 46 145 41 ORANGE
1 63 184 162 36 GREEN
3 180 146 89 YELLOW
2 5 72 157 198 24 117 BLUE
1 79 139 101 91 RED
2 108 140 53 44 94 62 RED
3 197 189 58 YELLOW
2 155 17 132 137 164 73 BLUE
3 70 157 144 RED
3 196 187 77 YELLOW
1 76 134 122 72 RED
2 3 91 157 181 57 96 YELLOW
1 59 90 107 77 YELLOW
2 157 32 18 91 135 20 VIOLET
3 60 10 41 LIGHT_BLUE
1 7 104 56 77 LIGHT_BLUE
3 137 104 134 RED
1 18 182 127 102 GREEN
2 80 91 189 188 163 134 YELLOW
3 56 158 132 RED
1 86 189 119 123 GREEN
2 56 36 189 68 77 17 GREEN
3 4 36 80 BLUE
2 189 120 200 11 119 125 YELLOW
2 116 146 26 63 132 50 YELLOW
2 138 78 153 181 41 77 RED
2 178 13 7 38 152 69 RED
2 68 30 174 98 98 72 VIOLET
1 140 145 148 77 YELLOW
1 105 6 132 1 VIOLET
1 26 125 179 45 BLUE
2 26 157 145 194 13 68 ORANGE
3 58 101 84 GREEN
2 8 77 153 133 169 56 RED
1 63 193 90 107 GREEN
3 132 81 21 LIGHT_BLUE
2 40 49 104 156 39 122 LIGHT_BLUE
1 134 72 138 41 LIGHT_BLUE
2 172 12 154 179 4 43 LIGHT_BLUE
2 44 75 22 116 139 20 GREEN
2 130 164 30 168 47 9 ORANGE
1 40 154 169 64 YELLOW
1 95 181 133 50 BLUE
1 92 176 162 87 ORANGE
3 161 50 38 LIGHT_BLUE
1 131 36 187 17 YELLOW
3 130 171 140 GREEN
3 58 155 78 RED
2 15 143 57 95 160 151 YELLOW
2 16 166 124 11 23 48 LIGHT_BLUE
1 66 130 191 3 GREEN
3 61 166 76 BLUE
1 68 81 120 15 ORANGE
2 35 118 104 122 94 198 LIGHT_BLUE
2 195 13 200 117 100 89 GREEN
1 18 159 33 56 GREEN
3 83 85 94 GREEN
2 126 161 165 151 137 40 VIOLET
2 161 186 155 101 171 170 YELLOW
1 173 32 179 9 GREEN
3 164 101 98 YELLOW
2 200 68 92 52 170 125 LIGHT_BLUE
3 25 160 26 VIOLET
1 151 95 185 93 YELLOW
1 81 88 134 70 LIGHT_BLUE
2 149 165 83 103 76 190 RED
2 145 174 64 127 74 129 ORANGE
3 140 53 88 RED
2 176 122 137 17 67 152 YELLOW
1 43 46 151 32 RED
1 79 106 111 7 YELLOW
1 60 127 62 75 GREEN
3 141 183 128 LIGHT_BLUE
3 151 193 15 ORANGE
2 52 56 115 177 26 64 LIGHT_BLUE
2 52 109 132 90 52 26 LIGHT_BLUE
3 88 187 24 RED
3 116 24 59 LIGHT_BLUE
3 9 169 79 GREEN
1 41 191 189 134 BLUE
3 185 100 164 YELLOW
2 113 88 50 43 97 28 GREEN
1 86 178 180 94 ORANGE
1 20 101 27 8 ORANGE
2 199 50 42 5 171 133 ORANGE
2 134 176 57 84 156 111 LIGHT_BLUE
1 28 165 188 111 RED
2 31 45 139 127 30 160 BLUE
2 179 128 170 139 16 29 YELLOW
3 192 51 65 LIGHT_BLUE
1 23 47 97 26 RED
1 39 130 81 36 YELLOW
1 20 149 167 53 GREEN
2 24 74 14 40 88 185 RED
1 51 174 159 7 RED
1 76 170 151 115 GREEN
2 99 101 108 66 4 129 YELLOW
2 76 1 9 23 44 162 GREEN
3 9 114 56 VIOLET
3 161 18 11 LIGHT_BLUE
1 6 199 152 169 BLUE
3 34 28 146 RED
3 163 80 105 VIOLET
2 191 86 71 32 127 121 YELLOW
2 180 23 113 118 111 40 LIGHT_BLUE
2 191 115 59 65 91 76 GREEN
1 106 167 197 137 BLUE
3 31 49 165 ORANGE
1 82 82 132 4 GREEN
3 46 189 157 LIGHT_BLUE
3 166 170 165 RED
3 103 77 16 LIGHT_BLUE
2 165 33 198 51 71 101 BLUE
1 2 136 185 75 LIGHT_BLUE
1 35 48 171 35 LIGHT_BLUE
1 36 126 72 82 RED
3 128 69 118 LIGHT_BLUE
1 1 189 22 156 LIGHT_BLUE
1 108 53 148 30 YELLOW
3 129 18 54 VIOLET
1 32 186 57 59 ORANGE
2 3 101 97 177 86 141 RED
2 18 126 85 136 45 140 RED
2 16 68 26 88 142 98 ORANGE
2 131 68 82 141 162 183 LIGHT_BLUE
3 31 15 195 RED
3 169 168 77 VIOLET
1 38 18 72 5 ORANGE
3 168 150 67 ORANGE
2 196 67 91 179 197 45 BLUE
3 149 189 32 RED
1 42 168 53 78 ORANGE
2 133 135 35 102 91 167 GREEN
3 39 161 157 YELLOW
1 102 110 190 38 ORANGE
3 171 171 101 YELLOW
1 142 182 197 45 BLUE
1 81 200 157 145 BLUE
1 47 195 192 140 VIOLET
3 184 28 68 GREEN
1 21 123 157 25 YELLOW
3 44 104 74 GREEN
1 122 116 139 57 BLUE
1 95 194 180 105 BLUE
3 77 168 104 GREEN
3 109 96 158 RED
3 94 163 1 ORANGE
3 195 60 26 YELLOW
1 139 159 176 15 LIGHT_BLUE
1 69 69 135 57 RED
1 107 197 139 2 VIOLET
2 200 155 26 81 129 66 ORANGE
3 156 32 44 VIOLET
1 109 155 126 63 GREEN
1 20 180 78 7 BLUE
3 188 87 178 GREEN
1 16 76 191 2 LIGHT_BLUE
1 7 152 16 87 YELLOW
2 29 109 197 26 168 178 RED
1 28 78 143 54 RED
1 107 144 199 76 BLUE
3 72 37 33 VIOLET
2 7 149 113 190 41 46 GREEN
3 88 200 81 YELLOW
3 160 186 16 GREEN
1 63 184 116 13 LIGHT_BLUE
1 44 73 123 33 ORANGE
1 46 187 56 126 YELLOW
3 38 16 191 VIOLET
1 125 98 135 58 LIGHT_BLUE
3 176 101 96 ORANGE
2 19 187 20 159 128 173 RED
2 51 88 71 38 72 15 YELLOW
2 171 140 1 125 6 140 RED
3 109 2 109 YELLOW
2 8 180 104 31 68 54 BLUE
3 47 34 6 VIOLET
3 45 107 23 BLUE
3 194 131 41 ORANGE
1 26 154 49 75 ORANGE
1 76 145 195 61 BLUE
1 1 197 33 9 RED
2 147 23 81 27 37 134 RED
2 99 74 104 196 125 2 RED
2 57 118 87 174 105 49 RED
2 19 16 71 79 38 79 ORANGE
3 111 94 199 BLUE
1 34 151 68 72 LIGHT_BLUE
3 46 20 90 YELLOW
2 160 190 88 167 6 63 BLUE
1 104 82 134 22 RED
3 50 152 116 VIOLET
3 65 54 96 BLUE
3 8 79 4 RED
3 77 74 138 YELLOW
1 125 103 151 101 YELLOW
3 35 77 27 RED
1 28 191 133 147 YELLOW
2 200 81 66 25 13 91 RED
1 4 80 149 3 BLUE
1 83 183 191 118 YELLOW
2 30 111 74 66 50 77 LIGHT_BLUE
1 147 180 198 150 RED
2 104 138 64 6 151 85 VIOLET
1 32 102 37 81 ORANGE
3 157 193 128 RED
1 82 135 110 19 GREEN
3 26 144 50 VIOLET
1 30 58 186 9 LIGHT_BLUE
2 87 65 35 33 82 66 RED
2 152 170 165 142 8 103 GREEN
1 107 142 139 139 YELLOW
3 32 108 4 YELLOW
3 98 94 152 GREEN
